6 0.281640625 0.22644163150492264 0.028125 0.08649789029535865
5 0.883203125 0.44585091420534456 0.0578125 0.06821378340365682
1 0.267578125 0.5035161744022504 0.087890625 0.1420534458509142
1 0.444140625 0.37130801687763715 0.058984375 0.10829817158931083
2 0.0375 0.06047819971870605 0.075 0.12025316455696203
9 0.59453125 0.41631504922644164 0.05625 0.26863572433192684
7 0.16796875 0.680731364275668 0.0109375 0.21729957805907174
8 0.2890625 0.6947960618846695 0.015625 0.19127988748241911
10 0.13515625 0.30942334739803096 0.025 0.2721518987341772
11 0.33828125 0.33122362869198313 0.044140625 0.23980309423347398
3 0.784765625 0.26019690576652604 0.06953125 0.11251758087201125
